image: rtabmap_map.pgm
resolution: 0.050000
origin: [-8.747225, -19.385103, 0.000000]
negate: 0
occupied_thresh: 0.65
free_thresh: 0.196

